11.7560952763, -5.78821027649, 76.7366698621
12.0685680494, -5.85868837826, 76.6795921922
12.6944153404, -6.00331334826, 76.5716472537
13.6333005442, -6.20219527144, 76.4004408992
14.5705771381, -6.46038295246, 76.2539813760
15.5141739045, -6.49940313396, 76.0178234741
16.4927637873, -6.43915771066, 75.9640870876
17.4631222083, -6.35851741144, 75.8987792946
18.4314133925, -6.45872220150, 75.6973359901
19.2461271295, -6.10870764921, 75.2275656849
20.1046628572, -5.86686059772, 74.8433839510
20.9524020038, -5.60608326630, 74.4315543413
21.7929895459, -5.33412865335, 74.0170553248
22.6224496455, -5.04281607401, 73.5927611576
23.4703567602, -4.76753160316, 73.1905419771
24.2570430329, -4.44444772752, 72.7147429610
25.0076862821, -4.07763850002, 72.2094204740
25.7866829282, -3.74597531025, 71.7164444226
26.4973438359, -3.31461928217, 71.2191060574
27.0577341771, -2.73406320322, 70.6566657882
27.6539433522, -2.19455569958, 70.1052801990
28.2967499172, -1.68950627166, 69.5712749903
28.9327421725, -1.18018057646, 69.0306060881
29.5117107759, -0.684481039123, 68.4254817801
29.9433612314, -0.106089000672, 67.7615491810
30.4149994967, 0.454006720829, 67.1172407781
30.8781940621, 1.00077269585, 66.4529453643
31.3514745012, 1.60428243524, 65.8478124140
31.8851058947, 2.16268879159, 65.2519754784
32.4451340964, 2.72611300192, 64.6754629380
32.8508700336, 3.28462625193, 63.9948021905
33.1036704073, 3.99082405791, 63.3595047423
33.4126585704, 4.63206095434, 62.6904728476
33.6138129909, 5.32250058336, 62.0320281825
33.7436922270, 6.03994198301, 61.3827964415
33.9433852472, 6.76092854632, 60.7471369655
33.9350983155, 7.44073268436, 60.0479755054
33.8950834686, 8.14585869809, 59.3733116375
33.8772834024, 8.81168378691, 58.6571913052
33.7388919585, 9.51182192570, 57.9894353372
33.5947982723, 10.2076503467, 57.3223424133
33.5084777414, 10.8924172915, 56.6211430916
33.1776935194, 11.5999606459, 56.0337891095
32.8604137554, 12.3132754870, 55.4485449699
32.5339396711, 13.0253477936, 54.8629879085
32.3282764253, 13.5081444610, 54.4648125863
32.2084234075, 13.7546807479, 54.2629501592
32.2041987115, 13.7633443452, 54.2558523154
32.2060615500, 14.0916615587, 53.7572420883
32.2079243884, 14.4199787723, 53.2586318612
32.2097872269, 14.7482959858, 52.7600216340
32.3035851095, 14.8614947274, 52.4590086199
32.4059765469, 15.1315941530, 51.8881500218
32.5735571760, 15.4968473221, 50.9982062840
32.6238766923, 15.9546462671, 50.1085433080
33.1307427252, 16.0810501311, 49.2515196488
33.5036646968, 16.2782511129, 48.3770193509
33.9165224377, 16.4662148396, 47.5086446171
34.2956097001, 16.6266335819, 46.6309135213
34.7639300689, 16.9111443152, 45.7827532763
34.8773083094, 16.7022591018, 44.8064317742
35.0855884232, 16.6744896092, 43.8507736232
35.3631422877, 16.4943499794, 42.9429432304
35.7905168145, 16.1695158692, 42.1179181570
36.1763954597, 15.8871928122, 41.2680765141
36.6600581904, 15.4851525613, 40.5166643244
37.1126895524, 15.1511058927, 39.7163155642
37.6814514689, 14.7549504953, 39.0273305496
38.2517982694, 14.3598611145, 38.3392794858
38.7710068169, 13.9646655911, 37.6165493537
39.0987150050, 13.4260921762, 36.8617703242
39.4666756180, 12.9082762524, 36.1246052645
39.8323728534, 12.3268788830, 35.4219947722
40.4799894419, 11.6039936816, 35.1441101834
41.0795823932, 11.0553639893, 34.6185272577
41.3271727240, 10.3687340074, 33.9391281192
41.6207518874, 9.73357183229, 33.2681948631
41.8532770790, 9.12021763613, 32.5313172897
42.2485959500, 8.39471814938, 32.0088134477
42.6690802972, 7.71060017863, 31.4538125867
43.0410562712, 6.95081510079, 30.9569015957
43.2873208862, 6.24845442411, 30.3360896050
43.6079446327, 5.38795281192, 29.8733550445
43.6187937296, 5.00780809357, 28.9608885612
43.6116256331, 4.56761416280, 28.0919876747
43.5440904722, 4.11460506928, 27.2308489997
43.2788822237, 3.86607966796, 26.3146853603
43.0265100355, 3.50674314433, 25.4442996358
42.7386554260, 3.22284942137, 24.5510465005
42.5189909850, 2.70927005775, 23.7390712358
42.3336472635, 2.20777339437, 22.9440739817
41.9839346689, 1.83553953931, 22.0131103017
42.2573768474, 0.934171750731, 21.6090343145
42.5655549270, 0.213573505867, 21.0387444033
42.7832363534, -0.593896492479, 20.5201094743
43.0706831726, -1.45062537225, 20.1834094352
43.5190735122, -2.29348723766, 19.9777201718
43.9715075449, -3.18016272708, 19.8196955276
44.2468232850, -3.90545073481, 19.3400016312
44.0920606968, -4.57241602849, 18.5828353168
44.0572058087, -5.21811247993, 17.8650623447
43.9727984485, -6.00720701439, 17.2671884216
43.6268791504, -6.56417389559, 16.5318423932
43.3422210895, -7.16495854163, 15.8190433505
43.0118558979, -7.80475208317, 15.1566568650
42.6286696848, -8.37300720363, 14.4620469397
42.2380125686, -8.94556632759, 13.7727425418
41.8699340779, -9.51723750518, 13.0778028331
41.4137417681, -10.0919872305, 12.4064683910
41.6028211142, -11.0028717002, 11.9718072525
41.5247202179, -11.8157239636, 11.3894681616
41.8466857260, -12.7023877914, 11.1934684313
42.3426696376, -13.5220135577, 10.9740691736
42.7846273366, -14.3621390128, 10.7445162715
43.2865873292, -15.1717458580, 10.5521506647
43.7110552076, -16.0472150948, 10.6694457596
44.2147158389, -16.9168854459, 10.7958292211
44.4622430797, -17.7512746718, 10.5904538611
44.3302440841, -18.5650760966, 9.97186506257
44.2858446115, -19.3723520783, 9.45304497743
44.2635998548, -20.2297068237, 8.95424612280
44.0410476586, -20.9044038970, 8.29642344483
43.8515007725, -21.3306244369, 7.83833169693
43.7649630805, -21.5484502086, 7.61319448216
